-0.00619  3160.33  2750  1  0.01991  2.15415019762846  1.80366263544969E-02 
-0.00619  3160.33  2800  1  0.01991  2.15415019762846  1.84967795017264E-02 
-0.00619  3160.33  2850  1  0.01991  2.15415019762846  1.88743116349895E-02 
-0.00619  3160.33  2900  1  0.01991  2.15415019762846  1.91588951275405E-02 
-0.00619  3160.33  2950  1  0.01991  2.15415019762846  1.93402023526334E-02 
-0.00619  3160.33  3000  1  0.01991  2.15415019762846  0.019412495739854 
-0.00619  3160.33  3050  1  0.01991  2.15415019762846  1.93723327469536E-02 
-0.00619  3160.33  3100  1  0.01991  2.15415019762846  1.92151233176009E-02 
-0.00619  3160.33  3150  1  0.01991  2.15415019762846  1.89431624799615E-02 
-0.00619  3160.33  3200  1  0.01991  2.15415019762846  0.018561040290367 
-0.00619  3160.33  3250  1  0.01991  2.15415019762846  1.80756418333144E-02 
-0.00619  3160.33  3300  1  0.01991  2.15415019762846  0.017493852193301 
-0.00619  3160.33  3350  1  0.01991  2.15415019762846  0.016823703968907 
-0.00619  3160.33  3400  1  0.01991  2.15415019762846  1.60858524136237E-02 
-0.00619  3160.33  3450  1  0.01991  2.15415019762846  1.52871826119486E-02 
-0.00619  3160.33  3500  1  0.01991  2.15415019762846  1.44391697047102E-02 
-0.00619  3160.33  3550  1  0.01991  2.15415019762846  1.35590264031515E-02 
-0.00619  3160.33  3600  1  0.01991  2.15415019762846  1.26639654185156E-02 
-0.00619  3160.33  3650  1  0.01991  2.15415019762846  1.17643143775482E-02 
-0.00619  3160.33  3700  1  0.01991  2.15415019762846  1.08807285337409E-02 
-0.00619  3160.33  3750  1  0.01991  2.15415019762846  1.00120603730109E-02 
-0.00619  3160.33  3800  1  0.01991  2.15415019762846  9.17093255026972E-03 
-0.00619  3160.33  3850  1  0.01991  2.15415019762846  8.37685280492605E-03 
-0.00619  3160.33  3900  1  0.01991  2.15415019762846  7.6160509679855E-03 
-0.00619  3160.33  3950  1  0.01991  2.15415019762846  6.91377234927116E-03 
-0.00619  3160.33  4000  1  0.01991  2.15415019762846  6.26772192061727E-03 
-0.00619  3160.33  4050  1  0.01991  2.15415019762846  5.64117923137212E-03 
-0.00619  3160.33  4100  1  0.01991  2.15415019762846  5.08692992934756E-03 
-0.00619  3160.33  4150  1  0.01991  2.15415019762846  4.59005633146633E-03 
-0.00619  3160.33  4200  1  0.01991  2.15415019762846  4.40071650779334E-03 
-0.00619  3160.33  4250  1  0.01991  2.15415019762846  3.74433845239366E-03 
-0.00619  3160.33  4300  1  0.01991  2.15415019762846  3.52516326256614E-03 
-0.00619  3160.33  4350  1  0.01991  2.15415019762846  3.02140458018771E-03 
-0.00619  3160.33  4400  1  0.01991  2.15415019762846  2.74600120029973E-03 
-0.00619  3160.33  4500  1  0.01991  2.15415019762846  2.20896460951817E-03 
-0.00619  3160.33  4600  1  0.01991  2.15415019762846  1.85667778607813E-03 
-0.00619  3160.33  4800  1  0.01991  2.15415019762846  1.29669091363924E-03 
-0.00619  3160.33  5000  1  0.01991  2.15415019762846  1.49406333589229E-03 
-0.00619  3160.33  5400  1  0.01991  2.15415019762846  1.08784335055752E-03 
-0.00619  3160.33  6000  1  0.01991  2.15415019762846  8.60635562149936E-04 
-0.00619  3160.33  500  0  0.01991  2.15415019762846  3.94744844506104E-04 
-0.00619  3160.33  600  0  0.01991  2.15415019762846  5.10643766875629E-04 
-0.00619  3160.33  700  0  0.01991  2.15415019762846  4.69333259892432E-04 
-0.00619  3160.33  800  0  0.01991  2.15415019762846  6.73590766642684E-04 
-0.00619  3160.33  900  0  0.01991  2.15415019762846  9.22601322624732E-04 
-0.00619  3160.33  1000  0  0.01991  2.15415019762846  1.14636656878372E-03 
-0.00619  3160.33  1200  0  0.01991  2.15415019762846  1.97257670844765E-03 
-0.00619  3160.33  1300  0  0.01991  2.15415019762846  2.53715363721801E-03 
-0.00619  3160.33  1400  0  0.01991  2.15415019762846  3.08222282657964E-03 
-0.00619  3160.33  1500  0  0.01991  2.15415019762846  3.69270031866466E-03 
-0.00619  3160.33  1600  0  0.01991  2.15415019762846  4.37547119797028E-03 
-0.00619  3160.33  1700  0  0.01991  2.15415019762846  5.15807580248529E-03 
-0.00619  3160.33  1750  0  0.01991  2.15415019762846  5.58036098498019E-03 
-0.00619  3160.33  1800  0  0.01991  2.15415019762846  6.03362904771249E-03 
-0.00619  3160.33  1900  0  0.01991  2.15415019762846  7.01245856039768E-03 
-0.00619  3160.33  2000  0  0.01991  2.15415019762846  8.15653010101566E-03 
-0.00619  3160.33  2050  0  0.01991  2.15415019762846  8.68094403688569E-03 
-0.00619  3160.33  2100  0  0.01991  2.15415019762846  9.29256904305358E-03 
-0.00619  3160.33  2150  0  0.01991  2.15415019762846  9.9305868731274E-03 
-0.00619  3160.33  2200  0  0.01991  2.15415019762846  1.05915549848586E-02 
-0.00619  3160.33  2250  0  0.01991  2.15415019762846  1.12766208923299E-02 
-0.00619  3160.33  2300  0  0.01991  2.15415019762846  1.19823420532928E-02 
-0.00619  3160.33  2350  0  0.01991  2.15415019762846  1.27006858691673E-02 
-0.00619  3160.33  2400  0  0.01991  2.15415019762846  1.34305048258705E-02 
-0.00619  3160.33  2450  0  0.01991  2.15415019762846  1.41614712966565E-02 
-0.00619  3160.33  2500  0  0.01991  2.15415019762846  1.48855526829453E-02 
-0.00619  3160.33  2550  0  0.01991  2.15415019762846  1.55912738439082E-02 
-0.00619  3160.33  2600  0  0.01991  2.15415019762846  1.62706021809653E-02 
-0.00619  3160.33  2650  0  0.01991  2.15415019762846  1.69132100673706E-02 
-0.00619  3160.33  2700  0  0.01991  2.15415019762846  1.75053273341297E-02 
-0.00619  3160.33  2750  0  0.01991  2.15415019762846  1.80377738685798E-02 
-0.00619  3160.33  2800  0  0.01991  2.15415019762846  1.84967795017264E-02 
-0.00619  3160.33  2850  0  0.01991  2.15415019762846  1.88743116349895E-02 
-0.00619  3160.33  2900  0  0.01991  2.15415019762846  1.91577476134576E-02 
-0.00619  3160.33  2950  0  0.01991  2.15415019762846  1.93390548385505E-02 
-0.00619  3160.33  3000  0  0.01991  2.15415019762846  0.019412495739854 
-0.00619  3160.33  3050  0  0.01991  2.15415019762846  1.93746277751194E-02 
-0.00619  3160.33  3100  0  0.01991  2.15415019762846  0.019223155916181 
-0.00619  3160.33  3150  0  0.01991  2.15415019762846  1.89615227052874E-02 
-0.00619  3160.33  3200  0  0.01991  2.15415019762846  1.86057933395988E-02 
-0.00619  3160.33  3250  0  0.01991  2.15415019762846  1.81249849388777E-02 
-0.00619  3160.33  3300  0  0.01991  2.15415019762846  1.75649980664388E-02 
-0.00619  3160.33  3350  0  0.01991  2.15415019762846  1.69396028912765E-02 
-0.00619  3160.33  3400  0  0.01991  2.15415019762846  1.62361767584793E-02 
-0.00619  3160.33  3450  0  0.01991  2.15415019762846  1.54845550342017E-02 
-0.00619  3160.33  3500  0  0.01991  2.15415019762846  1.46881802606922E-02 
-0.00619  3160.33  3550  0  0.01991  2.15415019762846  1.29944494743812E-02 
-0.00619  3160.33  3600  0  0.01991  2.15415019762846  1.19226713209838E-02 
-0.00619  3160.33  3650  0  0.01991  2.15415019762846  1.27729792563879E-02 
-0.00619  3160.33  3700  0  0.01991  2.15415019762846  0.012453970341351 
