 377.75 
 346.15 
 315.4 
 287.05 
 259.45 
 234.2 
 210.65 
 188.7 
 168.45 
 149.8 
 132.8 
 117.25 
 103.05 
 90.4 
 79 
 69.05 
 59.45 
 51.5 
 44.5 
 38.4 
 33.1 
 28.4 
 24.4 
 20.85 
 17.85 
 15.25 
 13.15 
 11.3 
 9.75 
 9.35 
 7.35 
 6.85 
 5.5 
 4.85 
 3.65 
 2.95 
 1.9 
 2.5 
 1.8 
 1.5 
 2.1 
 2.6 
 2 
 2.95 
 4.15 
 5.1 
 9.45 
 12.75 
 15.8 
 19.3 
 23.3 
 28.15 
 30.85 
 33.85 
 40.2 
 49.75 
 53.2 
 58.3 
 64.05 
 70.3 
 77.2 
 84.75 
 93.15 
 102.35 
 112.45 
 123.5 
 135.4 
 148.95 
 163.5 
 179.35 
 196.6 
 215.3 
 235.55 
 257.3 
 280.85 
 306.05 
 332.85 
 360.9 
 390.95 
 421.45 
 455.25 
 489.95 
 526.65 
 564.25 
 603.05 
 643.05 
 672.55 
 686.3 
 695.35 
 834.9 
