-0.00723  8812.61  7000  0  2.15415019762846  2.22222222222222E-02 
-0.00723  8812.61  7200  0  2.15415019762846  2.22222222222222E-02 
-0.00723  8812.61  7400  0  2.15415019762846  2.22222222222222E-02 
-0.00723  8812.61  7600  0  2.15415019762846  2.22222222222222E-02 
-0.00723  8812.61  7800  0  2.15415019762846  2.22222222222222E-02 
-0.00723  8812.61  8000  0  2.15415019762846  2.22222222222222E-02 
-0.00723  8812.61  8200  0  2.15415019762846  2.22222222222222E-02 
-0.00723  8812.61  8400  0  2.15415019762846  2.22222222222222E-02 
-0.00723  8812.61  8600  0  2.15415019762846  2.22222222222222E-02 
-0.00723  8812.61  8700  0  2.15415019762846  2.22222222222222E-02 
-0.00723  8812.61  8800  0  2.15415019762846  2.22222222222222E-02 
-0.00723  8812.61  9000  0  2.15415019762846  2.22222222222222E-02 
-0.00723  8812.61  9200  0  2.15415019762846  2.22222222222222E-02 
-0.00723  8812.61  9400  0  2.15415019762846  2.22222222222222E-02 
-0.00723  8812.61  9600  0  2.15415019762846  2.22222222222222E-02 
-0.00723  8812.61  9800  0  2.15415019762846  2.22222222222222E-02 
-0.00723  8812.61  10000  0  2.15415019762846  2.22222222222222E-02 
-0.00723  8812.61  10200  0  2.15415019762846  2.22222222222222E-02 
-0.00723  8812.61  10400  0  2.15415019762846  2.22222222222222E-02 
-0.00723  8812.61  11000  0  2.15415019762846  2.22222222222222E-02 
-0.0069  8812.61  7600  0  1.12648221343874  2.22222222222222E-02 
-0.0069  8812.61  7800  0  1.12648221343874  2.22222222222222E-02 
-0.0069  8812.61  8000  0  1.12648221343874  2.22222222222222E-02 
-0.0069  8812.61  8100  0  1.12648221343874  2.22222222222222E-02 
-0.0069  8812.61  8200  0  1.12648221343874  2.22222222222222E-02 
-0.0069  8812.61  8300  0  1.12648221343874  2.22222222222222E-02 
-0.0069  8812.61  8400  0  1.12648221343874  2.22222222222222E-02 
-0.0069  8812.61  8500  0  1.12648221343874  2.22222222222222E-02 
-0.0069  8812.61  8600  0  1.12648221343874  2.22222222222222E-02 
-0.0069  8812.61  8700  0  1.12648221343874  2.22222222222222E-02 
-0.0069  8812.61  8800  0  1.12648221343874  2.22222222222222E-02 
-0.0069  8812.61  8900  0  1.12648221343874  2.22222222222222E-02 
-0.0069  8812.61  9000  0  1.12648221343874  2.22222222222222E-02 
-0.0069  8812.61  9100  0  1.12648221343874  2.22222222222222E-02 
-0.0069  8812.61  9200  0  1.12648221343874  2.22222222222222E-02 
-0.0069  8812.61  9300  0  1.12648221343874  2.22222222222222E-02 
-0.0069  8812.61  9400  0  1.12648221343874  2.22222222222222E-02 
-0.0069  8812.61  9500  0  1.12648221343874  2.22222222222222E-02 
-0.0069  8812.61  9600  0  1.12648221343874  2.22222222222222E-02 
-0.0069  8812.61  9700  0  1.12648221343874  2.22222222222222E-02 
-0.0069  8812.61  9800  0  1.12648221343874  2.22222222222222E-02 
-0.0069  8812.61  9900  0  1.12648221343874  2.22222222222222E-02 
-0.0069  8812.61  10000  0  1.12648221343874  2.22222222222222E-02 
-0.0069  8812.61  10200  0  1.12648221343874  2.22222222222222E-02 
-0.0069  8812.61  11000  0  1.12648221343874  2.22222222222222E-02 
