 1935.35168603421 
 1766.01806644936 
 1603.30844154117 
 1444.57420982192 
 1295.04346389279 
 1152.21144044483 
 1016.42598312587 
 890.10689017249 
 772.40363991826 
 717.042726773951 
 664.970414647592 
 566.81491240921 
 483.710342789506 
 408.581933450825 
 340.529897315405 
 282.403447362366 
 233.686400935155 
 192.872533795736 
 158.61182652017 
 84.5626728479326 
 1338.38268625272 
 1173.01319504157 
 1015.36331105397 
 939.744252108902 
 866.547128543027 
 795.92598216782 
 728.078146209426 
 663.398149412406 
 601.885547424874 
 544.439871382277 
 490.637619081887 
 435.349279712669 
 391.998494433516 
 347.556452773305 
 307.676676618999 
 269.365303452652 
 234.088245548012 
 206.504127210254 
 179.189589961958 
 154.442134373469 
 130.290964230718 
 113.528151532204 
 96.8917648747106 
 71.07683354659 
 18.6046200416476 
