 4.74967569112778E-03  105.71  104  1  0  8.21917808219178E-03  3.30671265814277E-03 
 4.74967569112778E-03  105.71  105  1  0  8.21917808219178E-03  3.55028379134251E-03 
 4.74967569112778E-03  105.71  106  1  0  8.21917808219178E-03  3.64657711935689E-03 
 4.74967569112778E-03  105.71  107  1  0  8.21917808219178E-03  3.35656232429168E-03 
 4.74967569112778E-03  105.71  108  1  0  8.21917808219178E-03  2.85672054906943E-03 
 5.53076565265656E-03  105.71  97.5  1  0  8.49315068493151E-02  6.44179163797461E-03 
 5.53076565265656E-03  105.71  100  1  0  8.49315068493151E-02  7.86365817475786E-03 
 5.53076565265656E-03  105.71  105  1  0  8.49315068493151E-02  1.01760447526631E-02 
 5.53076565265656E-03  105.71  110  1  0  8.49315068493151E-02  8.95122107332101E-03 
 5.53076565265656E-03  105.71  115  1  0  8.49315068493151E-02  5.23655061969167E-03 
 7.49691128730774E-03  105.71  97.5  1  0  0.180821917808219  1.10208428618887E-02 
 7.49691128730774E-03  105.71  100  1  0  0.180821917808219  1.25691059651171E-02 
 7.49691128730774E-03  105.71  105  1  0  0.180821917808219  0.014795277790669 
 7.49691128730774E-03  105.71  110  1  0  0.180821917808219  1.39348207277388E-02 
 7.49691128730774E-03  105.71  115  1  0  0.180821917808219  1.04345532152565E-02 
 9.27279770374298E-03  105.71  97.5  1  2.07170557975769E-02  0.257534246575342  1.39665427622494E-02 
 9.27279770374298E-03  105.71  100  1  2.07170557975769E-02  0.257534246575342  1.55242990993933E-02 
 9.27279770374298E-03  105.71  105  1  2.07170557975769E-02  0.257534246575342  1.74649056718764E-02 
 9.27279770374298E-03  105.71  110  1  2.07170557975769E-02  0.257534246575342  1.70814855072275E-02 
 9.27279770374298E-03  105.71  115  1  2.07170557975769E-02  0.257534246575342  1.45705379717067E-02 
 1.03762876987457E-02  105.71  97.5  1  1.60009777545929E-02  0.334246575342466  0.016251227732866 
 1.03762876987457E-02  105.71  100  1  1.60009777545929E-02  0.334246575342466  1.80497478562783E-02 
 1.03762876987457E-02  105.71  105  1  1.60009777545929E-02  0.334246575342466  1.99319978995068E-02 
 1.03762876987457E-02  105.71  110  1  1.60009777545929E-02  0.334246575342466  1.96247315657986E-02 
 1.03762876987457E-02  105.71  115  1  1.60009777545929E-02  0.334246575342466  0.017111453596805 
 1.17547953128815E-02  105.71  97.5  1  1.24564576148987E-02  0.43013698630137  1.83901443868868E-02 
 1.17547953128815E-02  105.71  100  1  1.24564576148987E-02  0.43013698630137  2.09097036961992E-02 
 1.17547953128815E-02  105.71  105  1  1.24564576148987E-02  0.43013698630137  2.25921293377088E-02 
 1.17547953128815E-02  105.71  110  1  1.24564576148987E-02  0.43013698630137  2.23819005364991E-02 
 1.17547953128815E-02  105.71  115  1  1.24564576148987E-02  0.43013698630137  2.05129150379146E-02 
 1.31938254833221E-02  105.71  97.5  1  1.90390396118164E-02  0.583561643835616  2.34138533058984E-02 
 1.31938254833221E-02  105.71  100  1  1.90390396118164E-02  0.583561643835616  2.46183488240767E-02 
 1.31938254833221E-02  105.71  105  1  1.90390396118164E-02  0.583561643835616  2.62367693053591E-02 
 1.31938254833221E-02  105.71  110  1  1.90390396118164E-02  0.583561643835616  2.62535696712464E-02 
 1.31938254833221E-02  105.71  115  1  1.90390396118164E-02  0.583561643835616  2.45347541179381E-02 
 1.38060200214386E-02  105.71  95  1  1.63628697395325E-02  0.679452054794521  2.43201645205028E-02 
 1.38060200214386E-02  105.71  100  1  1.63628697395325E-02  0.679452054794521  2.67721191736792E-02 
 1.38060200214386E-02  105.71  105  1  1.63628697395325E-02  0.679452054794521  2.82265687881419E-02 
 1.38060200214386E-02  105.71  110  1  1.63628697395325E-02  0.679452054794521  2.83486171043832E-02 
 1.38060200214386E-02  105.71  115  1  1.63628697395325E-02  0.679452054794521  2.71989815936056E-02 
 1.57752180099487E-02  105.71  97.5  1  2.27036237716675E-02  1.00547945205479  3.17780068105137E-02 
 1.57752180099487E-02  105.71  100  1  2.27036237716675E-02  1.00547945205479  0.032679227930834 
 1.57752180099487E-02  105.71  105  1  2.27036237716675E-02  1.00547945205479  3.42862100469372E-02 
 1.57752180099487E-02  105.71  110  1  2.27036237716675E-02  1.00547945205479  0.034386110420614 
 1.57752180099487E-02  105.71  115  1  2.27036237716675E-02  1.00547945205479  3.35990721815497E-02 
 1.51297032833099E-02  105.71  97.5  1  2.27036237716675E-02  1.17808219178082  3.44882648548672E-02 
 1.51297032833099E-02  105.71  100  1  2.27036237716675E-02  1.17808219178082  3.54647935279507E-02 
 1.51297032833099E-02  105.71  105  1  2.27036237716675E-02  1.17808219178082  3.69250795095121E-02 
 1.51297032833099E-02  105.71  110  1  2.27036237716675E-02  1.17808219178082  3.73490740607461E-02 
 1.51297032833099E-02  105.71  115  1  2.27036237716675E-02  1.17808219178082  3.66159683314459E-02 
