-0.00619  3160.33  2450  1  0  2.15415019762846  2.85714285714286E-02 
-0.00619  3160.33  2500  1  0  2.15415019762846  2.85714285714286E-02 
-0.00619  3160.33  2550  1  0  2.15415019762846  2.85714285714286E-02 
-0.00619  3160.33  2600  1  0  2.15415019762846  2.85714285714286E-02 
-0.00619  3160.33  2650  1  0  2.15415019762846  2.85714285714286E-02 
-0.00619  3160.33  2700  1  0  2.15415019762846  2.85714285714286E-02 
-0.00619  3160.33  2750  1  0  2.15415019762846  2.85714285714286E-02 
-0.00619  3160.33  2800  1  0  2.15415019762846  2.85714285714286E-02 
-0.00619  3160.33  2850  1  0  2.15415019762846  2.85714285714286E-02 
-0.00619  3160.33  2900  1  0  2.15415019762846  2.85714285714286E-02 
-0.00619  3160.33  2950  1  0  2.15415019762846  2.85714285714286E-02 
-0.00619  3160.33  3000  1  0  2.15415019762846  2.85714285714286E-02 
-0.00619  3160.33  3050  1  0  2.15415019762846  2.85714285714286E-02 
-0.00619  3160.33  3100  1  0  2.15415019762846  2.85714285714286E-02 
-0.00619  3160.33  3150  1  0  2.15415019762846  2.85714285714286E-02 
-0.00619  3160.33  3200  1  0  2.15415019762846  2.85714285714286E-02 
-0.00619  3160.33  3250  1  0  2.15415019762846  2.85714285714286E-02 
-0.00619  3160.33  3300  1  0  2.15415019762846  2.85714285714286E-02 
-0.00619  3160.33  3350  1  0  2.15415019762846  2.85714285714286E-02 
-0.00619  3160.33  3400  1  0  2.15415019762846  2.85714285714286E-02 
-0.00619  3160.33  3450  1  0  2.15415019762846  2.85714285714286E-02 
-0.00619  3160.33  3500  1  0  2.15415019762846  2.85714285714286E-02 
-0.00619  3160.33  3550  1  0  2.15415019762846  2.85714285714286E-02 
-0.00619  3160.33  3600  1  0  2.15415019762846  2.85714285714286E-02 
-0.00619  3160.33  3650  1  0  2.15415019762846  2.85714285714286E-02 
-0.00619  3160.33  3700  1  0  2.15415019762846  2.85714285714286E-02 
-0.00619  3160.33  3750  1  0  2.15415019762846  2.85714285714286E-02 
-0.00619  3160.33  3800  1  0  2.15415019762846  2.85714285714286E-02 
-0.00619  3160.33  3850  1  0  2.15415019762846  2.85714285714286E-02 
-0.00619  3160.33  3900  1  0  2.15415019762846  2.85714285714286E-02 
-0.00619  3160.33  3950  1  0  2.15415019762846  2.85714285714286E-02 
-0.00619  3160.33  4000  1  0  2.15415019762846  2.85714285714286E-02 
-0.00619  3160.33  4050  1  0  2.15415019762846  2.85714285714286E-02 
-0.00619  3160.33  4100  1  0  2.15415019762846  2.85714285714286E-02 
-0.00619  3160.33  4150  1  0  2.15415019762846  2.85714285714286E-02 
