 759.535896351677 
 717.553806503671 
 675.611098813648 
 633.871735402353 
 593.814738698619 
 555.59965792296 
 517.786329922653 
 481.199988827934 
 445.897962098122 
 411.083970462736 
 378.586275278985 
 347.640945335507 
 318.33951632772 
 290.452399980729 
 264.178183851168 
 239.562440071358 
 216.597575547461 
 195.216480591656 
 175.22380840488 
 156.974906854407 
 140.194584334055 
 124.720636924448 
 110.638087511505 
 97.9332602417579 
 86.4490532935561 
 76.2363771440248 
 67.0394054441581 
 58.8342963053238 
 51.6596995656379 
 45.2337207248238 
 39.6691083133152 
 34.8399691660281 
 30.37476216646 
 26.6350546544776 
 23.4204013752257 
