 0.00687  7000.89  6400  0  1.6403162055336  2.94117647058824E-02 
 0.00687  7000.89  6500  0  1.6403162055336  2.94117647058824E-02 
 0.00687  7000.89  6600  0  1.6403162055336  2.94117647058824E-02 
 0.00687  7000.89  6700  0  1.6403162055336  2.94117647058824E-02 
 0.00687  7000.89  6800  0  1.6403162055336  2.94117647058824E-02 
 0.00687  7000.89  6900  0  1.6403162055336  2.94117647058824E-02 
 0.00687  7000.89  7000  0  1.6403162055336  2.94117647058824E-02 
 0.00687  7000.89  7100  0  1.6403162055336  2.94117647058824E-02 
 0.00687  7000.89  7200  0  1.6403162055336  2.94117647058824E-02 
 0.00687  7000.89  7300  0  1.6403162055336  2.94117647058824E-02 
 0.00687  7000.89  7350  0  1.6403162055336  2.94117647058824E-02 
 0.00687  7000.89  7400  0  1.6403162055336  2.94117647058824E-02 
 0.00687  7000.89  7500  0  1.6403162055336  2.94117647058824E-02 
 0.00687  7000.89  7600  0  1.6403162055336  2.94117647058824E-02 
 0.00687  7000.89  7700  0  1.6403162055336  2.94117647058824E-02 
 0.00725  7000.89  7000  0  1.12648221343874  2.94117647058824E-02 
 0.00725  7000.89  7049  0  1.12648221343874  2.94117647058824E-02 
 0.00725  7000.89  7050  0  1.12648221343874  2.94117647058824E-02 
 0.00725  7000.89  7100  0  1.12648221343874  2.94117647058824E-02 
 0.00725  7000.89  7150  0  1.12648221343874  2.94117647058824E-02 
 0.00725  7000.89  7200  0  1.12648221343874  2.94117647058824E-02 
 0.00725  7000.89  7250  0  1.12648221343874  2.94117647058824E-02 
 0.00725  7000.89  7270  0  1.12648221343874  2.94117647058824E-02 
 0.00725  7000.89  7300  0  1.12648221343874  2.94117647058824E-02 
 0.00725  7000.89  7337  0  1.12648221343874  2.94117647058824E-02 
 0.00725  7000.89  7350  0  1.12648221343874  2.94117647058824E-02 
 0.00725  7000.89  7400  0  1.12648221343874  2.94117647058824E-02 
 0.00725  7000.89  7500  0  1.12648221343874  2.94117647058824E-02 
 0.00725  7000.89  7600  0  1.12648221343874  2.94117647058824E-02 
 0.00725  7000.89  7700  0  1.12648221343874  2.94117647058824E-02 
 0.00725  7000.89  7800  0  1.12648221343874  2.94117647058824E-02 
 0.00725  7000.89  7900  0  1.12648221343874  2.94117647058824E-02 
 0.00725  7000.89  8000  0  1.12648221343874  2.94117647058824E-02 
 0.00725  7000.89  8100  0  1.12648221343874  2.94117647058824E-02 
