-0.00619  3160.33  2450  0  2.15415019762846  1.40845070422535E-02 
-0.00619  3160.33  2500  0  2.15415019762846  1.40845070422535E-02 
-0.00619  3160.33  2550  0  2.15415019762846  1.40845070422535E-02 
-0.00619  3160.33  2600  0  2.15415019762846  1.40845070422535E-02 
-0.00619  3160.33  2650  0  2.15415019762846  1.40845070422535E-02 
-0.00619  3160.33  2700  0  2.15415019762846  1.40845070422535E-02 
-0.00619  3160.33  2750  0  2.15415019762846  1.40845070422535E-02 
-0.00619  3160.33  2800  0  2.15415019762846  1.40845070422535E-02 
-0.00619  3160.33  2850  0  2.15415019762846  1.40845070422535E-02 
-0.00619  3160.33  2900  0  2.15415019762846  1.40845070422535E-02 
-0.00619  3160.33  2950  0  2.15415019762846  1.40845070422535E-02 
-0.00619  3160.33  3000  0  2.15415019762846  1.40845070422535E-02 
-0.00619  3160.33  3050  0  2.15415019762846  1.40845070422535E-02 
-0.00619  3160.33  3100  0  2.15415019762846  1.40845070422535E-02 
-0.00619  3160.33  3150  0  2.15415019762846  1.40845070422535E-02 
-0.00619  3160.33  3200  0  2.15415019762846  1.40845070422535E-02 
-0.00619  3160.33  3250  0  2.15415019762846  1.40845070422535E-02 
-0.00619  3160.33  3300  0  2.15415019762846  1.40845070422535E-02 
-0.00619  3160.33  3350  0  2.15415019762846  1.40845070422535E-02 
-0.00619  3160.33  3400  0  2.15415019762846  1.40845070422535E-02 
-0.00619  3160.33  3450  0  2.15415019762846  1.40845070422535E-02 
-0.00619  3160.33  3500  0  2.15415019762846  1.40845070422535E-02 
-0.00619  3160.33  3550  0  2.15415019762846  1.40845070422535E-02 
-0.00619  3160.33  3600  0  2.15415019762846  1.40845070422535E-02 
-0.00619  3160.33  3650  0  2.15415019762846  1.40845070422535E-02 
-0.00619  3160.33  3700  0  2.15415019762846  1.40845070422535E-02 
-0.00619  3160.33  3750  0  2.15415019762846  1.40845070422535E-02 
-0.00619  3160.33  3800  0  2.15415019762846  1.40845070422535E-02 
-0.00619  3160.33  3850  0  2.15415019762846  1.40845070422535E-02 
-0.00619  3160.33  3900  0  2.15415019762846  1.40845070422535E-02 
-0.00619  3160.33  3950  0  2.15415019762846  1.40845070422535E-02 
-0.00619  3160.33  4000  0  2.15415019762846  1.40845070422535E-02 
-0.00619  3160.33  4050  0  2.15415019762846  1.40845070422535E-02 
-0.00619  3160.33  4100  0  2.15415019762846  1.40845070422535E-02 
-0.00619  3160.33  4150  0  2.15415019762846  1.40845070422535E-02 
-0.00705  3160.33  2400  0  1.12648221343874  1.40845070422535E-02 
-0.00705  3160.33  2450  0  1.12648221343874  1.40845070422535E-02 
-0.00705  3160.33  2500  0  1.12648221343874  1.40845070422535E-02 
-0.00705  3160.33  2550  0  1.12648221343874  1.40845070422535E-02 
-0.00705  3160.33  2600  0  1.12648221343874  1.40845070422535E-02 
-0.00705  3160.33  2650  0  1.12648221343874  1.40845070422535E-02 
-0.00705  3160.33  2700  0  1.12648221343874  1.40845070422535E-02 
-0.00705  3160.33  2750  0  1.12648221343874  1.40845070422535E-02 
-0.00705  3160.33  2800  0  1.12648221343874  1.40845070422535E-02 
-0.00705  3160.33  2850  0  1.12648221343874  1.40845070422535E-02 
-0.00705  3160.33  2900  0  1.12648221343874  1.40845070422535E-02 
-0.00705  3160.33  2950  0  1.12648221343874  1.40845070422535E-02 
-0.00705  3160.33  3000  0  1.12648221343874  1.40845070422535E-02 
-0.00705  3160.33  3050  0  1.12648221343874  1.40845070422535E-02 
-0.00705  3160.33  3100  0  1.12648221343874  1.40845070422535E-02 
-0.00705  3160.33  3150  0  1.12648221343874  1.40845070422535E-02 
-0.00705  3160.33  3200  0  1.12648221343874  1.40845070422535E-02 
-0.00705  3160.33  3250  0  1.12648221343874  1.40845070422535E-02 
-0.00705  3160.33  3300  0  1.12648221343874  1.40845070422535E-02 
-0.00705  3160.33  3350  0  1.12648221343874  1.40845070422535E-02 
-0.00705  3160.33  3400  0  1.12648221343874  1.40845070422535E-02 
-0.00705  3160.33  3450  0  1.12648221343874  1.40845070422535E-02 
-0.00705  3160.33  3500  0  1.12648221343874  1.40845070422535E-02 
-0.00705  3160.33  3550  0  1.12648221343874  1.40845070422535E-02 
-0.00705  3160.33  3600  0  1.12648221343874  1.40845070422535E-02 
-0.00705  3160.33  3650  0  1.12648221343874  1.40845070422535E-02 
-0.00705  3160.33  3700  0  1.12648221343874  1.40845070422535E-02 
-0.00705  3160.33  3750  0  1.12648221343874  1.40845070422535E-02 
-0.00705  3160.33  3800  0  1.12648221343874  1.40845070422535E-02 
-0.00705  3160.33  3850  0  1.12648221343874  1.40845070422535E-02 
-0.00705  3160.33  3900  0  1.12648221343874  1.40845070422535E-02 
-0.00705  3160.33  3950  0  1.12648221343874  1.40845070422535E-02 
-0.00705  3160.33  4000  0  1.12648221343874  1.40845070422535E-02 
-0.00705  3160.33  4050  0  1.12648221343874  1.40845070422535E-02 
-0.00705  3160.33  4100  0  1.12648221343874  1.40845070422535E-02 
-0.00705  3160.33  4150  0  1.12648221343874  1.40845070422535E-02 
