 759.535896351677 
 717.553806503671 
 675.611098813648 
 633.871735402353 
 593.814738698619 
 555.59965792296 
 517.786329922653 
 481.199988827934 
 445.897962098122 
 411.083970462736 
 378.586275278985 
 347.640945335507 
 318.33951632772 
 290.452399980729 
 264.178183851168 
 239.562440071358 
 216.597575547461 
 195.216480591656 
 175.22380840488 
 156.974906854407 
 140.194584334055 
 124.720636924448 
 110.638087511505 
 97.9332602417579 
 86.4490532935561 
 76.2363771440248 
 67.0394054441581 
 58.8342963053238 
 51.6596995656379 
 45.2337207248238 
 39.6691083133152 
 34.8399691660281 
 30.37476216646 
 26.6350546544776 
 23.4204013752257 
 780.18807494675 
 734.2326500652 
 688.827424825996 
 643.965435772192 
 599.246418791847 
 556.000022525267 
 513.869310052597 
 472.524194536405 
 432.240681198449 
 393.323135662635 
 355.374464844874 
 319.91791217239 
 285.535049066275 
 252.926457756797 
 222.426520742664 
 193.971814990748 
 167.769463965388 
 143.769033081728 
 122.034946626295 
 102.764666656359 
 85.636444817623 
 70.7404439276111 
 57.7958290759689 
 46.8994716821227 
 37.819360994885 
 30.3884593792297 
 24.2170267372456 
 19.1960087451175 
 15.2873830826088 
 12.0632868724499 
 9.54468868959555 
 7.62020870329621 
 6.13617190616175 
 4.72398264891164 
 3.96945196671983 
 3.2126005440043 
