 0.00729  7000.89  6200  1  0  1.12648221343874  8.40976598150459E-03 
 0.00729  7000.89  6250  1  0  1.12648221343874  8.61710558912511E-03 
 0.00729  7000.89  6275  1  0  1.12648221343874  8.71005093047224E-03 
 0.00729  7000.89  6300  1  0  1.12648221343874  8.80192382557306E-03 
 0.00729  7000.89  6350  1  0  1.12648221343874  8.97709004580418E-03 
 0.00729  7000.89  6400  1  0  1.12648221343874  9.14153180357218E-03 
 0.00729  7000.89  6430  1  0  1.12648221343874  9.23447714491931E-03 
 0.00729  7000.89  6490  1  0  1.12648221343874  9.4067835084936E-03 
 0.00729  7000.89  6500  1  0  1.12648221343874  9.43359466465142E-03 
 0.00729  7000.89  6550  1  0  1.12648221343874  0.009555496054649 
 0.00729  7000.89  6600  1  0  1.12648221343874  9.66631550010135E-03 
 0.00729  7000.89  6700  1  0  1.12648221343874  9.83325963244408E-03 
 0.00729  7000.89  6800  1  0  1.12648221343874  9.91691043965649E-03 
 0.00729  7000.89  6900  1  0  1.12648221343874  9.90654345927547E-03 
 0.00729  7000.89  7000  1  0  1.12648221343874  9.79500904965891E-03 
 0.00729  7000.89  7049  1  0  1.12648221343874  9.70206370831178E-03 
 0.00729  7000.89  7050  1  0  1.12648221343874  9.69956133373705E-03 
 0.00729  7000.89  7100  1  0  1.12648221343874  9.57908987206789E-03 
 0.00729  7000.89  7150  1  0  1.12648221343874  9.42930487966617E-03 
 0.00729  7000.89  7200  1  0  1.12648221343874  9.25521110568136E-03 
 0.00729  7000.89  7250  1  0  1.12648221343874  9.05502113970293E-03 
 0.00729  7000.89  7270  1  0  1.12648221343874  8.96886795791578E-03 
 0.00729  7000.89  7300  1  0  1.12648221343874  8.83373973088034E-03 
 0.00729  7000.89  7337  1  0  1.12648221343874  8.65428372566396E-03 
 0.00729  7000.89  7350  1  0  1.12648221343874  8.59065191504939E-03 
 0.00729  7000.89  7400  1  0  1.12648221343874  8.32718762053849E-03 
 0.00729  7000.89  7500  1  0  1.12648221343874  7.74449182670842E-03 
 0.00729  7000.89  7600  1  0  1.12648221343874  7.21184352437295E-03 
 0.00729  7000.89  7700  1  0  1.12648221343874  6.55550642162939E-03 
 0.00729  7000.89  7800  1  0  1.12648221343874  5.88594248184796E-03 
 0.00729  7000.89  7900  1  0  1.12648221343874  5.21995336288757E-03 
 0.00729  7000.89  8000  1  0  1.12648221343874  4.57612813301765E-03 
 0.00689  7000.89  6200  1  0  1.6403162055336  1.10154528779631E-02 
 0.00689  7000.89  6300  1  0  1.6403162055336  1.09947189172011E-02 
 0.00689  7000.89  6400  1  0  1.6403162055336  1.12542509088088E-02 
 0.00689  7000.89  6500  1  0  1.6403162055336  1.14615905164293E-02 
 0.00689  7000.89  6600  1  0  1.6403162055336  1.16131629192416E-02 
 0.00689  7000.89  6700  1  0  1.6403162055336  1.16935963877151E-02 
 0.00689  7000.89  6800  1  0  1.6403162055336  1.16957412802077E-02 
 0.00689  7000.89  6900  1  0  1.6403162055336  1.16163802579805E-02 
 0.00689  7000.89  7000  1  0  1.6403162055336  1.14540833927052E-02 
 0.00689  7000.89  7100  1  0  1.6403162055336  1.12070632739711E-02 
 0.00689  7000.89  7200  1  0  1.6403162055336  1.08792522046814E-02 
 0.00689  7000.89  7300  1  0  1.6403162055336  1.04738675235751E-02 
 0.00689  7000.89  7350  1  0  1.6403162055336  1.02447215089462E-02 
 0.00689  7000.89  7400  1  0  1.6403162055336  0.010000918728951 
 0.00689  7000.89  7500  1  0  1.6403162055336  9.5054485631544E-03 
 0.00689  7000.89  7600  1  0  1.6403162055336  8.93168982137693E-03 
 0.00689  7000.89  7700  1  0  1.6403162055336  8.33111992344164E-03 
 0.00689  7000.89  7800  1  0  1.6403162055336  7.91072099488694E-03 
 0.00689  7000.89  7900  1  0  1.6403162055336  8.69253430844913E-03 
 0.00689  7000.89  8000  1  0  1.6403162055336  8.77868749023627E-03 
