-0.00723  8812.61  7000  1  0  2.15415019762846  2.22222222222222E-02 
-0.00723  8812.61  7200  1  0  2.15415019762846  2.22222222222222E-02 
-0.00723  8812.61  7400  1  0  2.15415019762846  2.22222222222222E-02 
-0.00723  8812.61  7600  1  0  2.15415019762846  2.22222222222222E-02 
-0.00723  8812.61  7800  1  0  2.15415019762846  2.22222222222222E-02 
-0.00723  8812.61  8000  1  0  2.15415019762846  2.22222222222222E-02 
-0.00723  8812.61  8200  1  0  2.15415019762846  2.22222222222222E-02 
-0.00723  8812.61  8400  1  0  2.15415019762846  2.22222222222222E-02 
-0.00723  8812.61  8600  1  0  2.15415019762846  2.22222222222222E-02 
-0.00723  8812.61  8700  1  0  2.15415019762846  2.22222222222222E-02 
-0.00723  8812.61  8800  1  0  2.15415019762846  2.22222222222222E-02 
-0.00723  8812.61  9000  1  0  2.15415019762846  2.22222222222222E-02 
-0.00723  8812.61  9200  1  0  2.15415019762846  2.22222222222222E-02 
-0.00723  8812.61  9400  1  0  2.15415019762846  2.22222222222222E-02 
-0.00723  8812.61  9600  1  0  2.15415019762846  2.22222222222222E-02 
-0.00723  8812.61  9800  1  0  2.15415019762846  2.22222222222222E-02 
-0.00723  8812.61  10000  1  0  2.15415019762846  2.22222222222222E-02 
-0.00723  8812.61  10200  1  0  2.15415019762846  2.22222222222222E-02 
-0.00723  8812.61  10400  1  0  2.15415019762846  2.22222222222222E-02 
-0.00723  8812.61  11000  1  0  2.15415019762846  2.22222222222222E-02 
-0.0069  8812.61  7600  1  0  1.12648221343874  2.22222222222222E-02 
-0.0069  8812.61  7800  1  0  1.12648221343874  2.22222222222222E-02 
-0.0069  8812.61  8000  1  0  1.12648221343874  2.22222222222222E-02 
-0.0069  8812.61  8100  1  0  1.12648221343874  2.22222222222222E-02 
-0.0069  8812.61  8200  1  0  1.12648221343874  2.22222222222222E-02 
-0.0069  8812.61  8300  1  0  1.12648221343874  2.22222222222222E-02 
-0.0069  8812.61  8400  1  0  1.12648221343874  2.22222222222222E-02 
-0.0069  8812.61  8500  1  0  1.12648221343874  2.22222222222222E-02 
-0.0069  8812.61  8600  1  0  1.12648221343874  2.22222222222222E-02 
-0.0069  8812.61  8700  1  0  1.12648221343874  2.22222222222222E-02 
-0.0069  8812.61  8800  1  0  1.12648221343874  2.22222222222222E-02 
-0.0069  8812.61  8900  1  0  1.12648221343874  2.22222222222222E-02 
-0.0069  8812.61  9000  1  0  1.12648221343874  2.22222222222222E-02 
-0.0069  8812.61  9100  1  0  1.12648221343874  2.22222222222222E-02 
-0.0069  8812.61  9200  1  0  1.12648221343874  2.22222222222222E-02 
-0.0069  8812.61  9300  1  0  1.12648221343874  2.22222222222222E-02 
-0.0069  8812.61  9400  1  0  1.12648221343874  2.22222222222222E-02 
-0.0069  8812.61  9500  1  0  1.12648221343874  2.22222222222222E-02 
-0.0069  8812.61  9600  1  0  1.12648221343874  2.22222222222222E-02 
-0.0069  8812.61  9700  1  0  1.12648221343874  2.22222222222222E-02 
-0.0069  8812.61  9800  1  0  1.12648221343874  2.22222222222222E-02 
-0.0069  8812.61  9900  1  0  1.12648221343874  2.22222222222222E-02 
-0.0069  8812.61  10000  1  0  1.12648221343874  2.22222222222222E-02 
-0.0069  8812.61  10200  1  0  1.12648221343874  2.22222222222222E-02 
-0.0069  8812.61  11000  1  0  1.12648221343874  2.22222222222222E-02 
