 0.00687  7000.89  6400  1  0  1.6403162055336  2.94117647058824E-02 
 0.00687  7000.89  6500  1  0  1.6403162055336  2.94117647058824E-02 
 0.00687  7000.89  6600  1  0  1.6403162055336  2.94117647058824E-02 
 0.00687  7000.89  6700  1  0  1.6403162055336  2.94117647058824E-02 
 0.00687  7000.89  6800  1  0  1.6403162055336  2.94117647058824E-02 
 0.00687  7000.89  6900  1  0  1.6403162055336  2.94117647058824E-02 
 0.00687  7000.89  7000  1  0  1.6403162055336  2.94117647058824E-02 
 0.00687  7000.89  7100  1  0  1.6403162055336  2.94117647058824E-02 
 0.00687  7000.89  7200  1  0  1.6403162055336  2.94117647058824E-02 
 0.00687  7000.89  7300  1  0  1.6403162055336  2.94117647058824E-02 
 0.00687  7000.89  7350  1  0  1.6403162055336  2.94117647058824E-02 
 0.00687  7000.89  7400  1  0  1.6403162055336  2.94117647058824E-02 
 0.00687  7000.89  7500  1  0  1.6403162055336  2.94117647058824E-02 
 0.00687  7000.89  7600  1  0  1.6403162055336  2.94117647058824E-02 
 0.00687  7000.89  7700  1  0  1.6403162055336  2.94117647058824E-02 
 0.00725  7000.89  7000  1  0  1.12648221343874  2.94117647058824E-02 
 0.00725  7000.89  7049  1  0  1.12648221343874  2.94117647058824E-02 
 0.00725  7000.89  7050  1  0  1.12648221343874  2.94117647058824E-02 
 0.00725  7000.89  7100  1  0  1.12648221343874  2.94117647058824E-02 
 0.00725  7000.89  7150  1  0  1.12648221343874  2.94117647058824E-02 
 0.00725  7000.89  7200  1  0  1.12648221343874  2.94117647058824E-02 
 0.00725  7000.89  7250  1  0  1.12648221343874  2.94117647058824E-02 
 0.00725  7000.89  7270  1  0  1.12648221343874  2.94117647058824E-02 
 0.00725  7000.89  7300  1  0  1.12648221343874  2.94117647058824E-02 
 0.00725  7000.89  7337  1  0  1.12648221343874  2.94117647058824E-02 
 0.00725  7000.89  7350  1  0  1.12648221343874  2.94117647058824E-02 
 0.00725  7000.89  7400  1  0  1.12648221343874  2.94117647058824E-02 
 0.00725  7000.89  7500  1  0  1.12648221343874  2.94117647058824E-02 
 0.00725  7000.89  7600  1  0  1.12648221343874  2.94117647058824E-02 
 0.00725  7000.89  7700  1  0  1.12648221343874  2.94117647058824E-02 
 0.00725  7000.89  7800  1  0  1.12648221343874  2.94117647058824E-02 
 0.00725  7000.89  7900  1  0  1.12648221343874  2.94117647058824E-02 
 0.00725  7000.89  8000  1  0  1.12648221343874  2.94117647058824E-02 
 0.00725  7000.89  8100  1  0  1.12648221343874  2.94117647058824E-02 
