 954.442734588658 
 867.044431847801 
 796.077651496462 
 727.980486244805 
 663.555020283938 
 602.586082420763 
 545.287436543638 
 490.739114622693 
 439.599553914266 
 391.707019172272 
 369.058156856358 
 347.51104313808 
 310.14415362245 
 272.717859506085 
 239.232161135092 
 447.497281678197 
 419.849456369153 
 419.222436446163 
 392.424268862818 
 365.738073938016 
 340.565292973784 
 316.369221851925 
 307.167261312209 
 293.759478031275 
 277.473686685777 
 272.185911509722 
 251.672095871071 
 213.61167683414 
 186.398161845392 
 156.303038154354 
 130.195706256844 
 107.700790252874 
 88.5439393578936 
 70.5990204661023 
