 2.5 
 1.8400000333786 
 1.25999999046326 
 0.860000014305115 
 0.540000021457672 
 8.75 
 6.94999980926514 
 3.5 
 1.37000000476837 
 0.449999988079071 
 9.75 
 7.90000009536743 
 4.65000009536743 
 2.42000007629395 
 1.08000004291534 
 10.6999998092651 
 9 
 5.8600001335144 
 3.59999990463257 
 1.99000000953674 
 11.3500003814697 
 9.35000038146973 
 6.36999988555908 
 4.07000017166138 
 2.45000004768372 
 13.5 
 10.1000003814697 
 7.09999990463257 
 4.82000017166138 
 3.09999990463257 
 12.5 
 11.3000001907349 
 8.1899995803833 
 5.90000009536743 
 4.17999982833862 
 14.5 
 11.6599998474121 
 8.60000038146973 
 6.55000019073486 
 4.84999990463257 
 14.289999961853 
 13.6000003814697 
 11.1499996185303 
 8.5 
 6.59999990463257 
 15.8000001907349 
 14.1899995803833 
 11.6000003814697 
 9.22000026702881 
 7.28000020980835 
